4294967294,1237
4294967294,1253
4294967294,1353
4294967294,1352
4294967294,1351
4294967294,1350
4294967294,1349
4294967294,1348
4294967294,1347
4294967294,1346
4294967294,1345
4294967294,1344
4294967294,1279
4294967294,1278
4294967294,1277
4294967294,1276
4294967294,1275
4294967294,1264
4294967294,1217
4294967294,155
4294967294,154
4294967294,142
4294967294,141
4294967294,140
4294967294,139
4294967294,138
4294967294,137
4294967294,136
4294967294,134
4294967294,81
4294967278,447
4294967278,446
4294967278,445
4294967278,444
4294967294,1299
4294967294,1194
4294967294,1307
4294967294,1343
4294967294,1342
4294967294,1341
4294967294,1340
4294967294,1339
4294967294,1338
4294967294,1337
4294967294,1336
4294967294,1335
4294967294,1334
4294967294,1333
4294967294,1332
4294967294,1331
4294967294,1330
4294967294,1329
4294967294,1328
4294967294,1327
4294967294,1326
4294967294,1325
4294967294,1324
4294967294,1323
4294967278,488
4294967278,487
4294967278,486
4294967278,485
4294967278,484
4294967278,483
4294967278,482
4294967278,481
4294967278,480
4294967278,479
4294967278,478
4294967278,477
4294967278,476
4294967278,475
4294967278,474
4294967278,473
4294967278,472
4294967278,471
4294967278,470
4294967278,469
4294967278,468
4294967294,959
4294967294,958
4294967294,954
4294967294,952
4294967294,951
4294967294,950
4294967294,949
4294967294,948
4294967294,947
4294967294,946
4294967294,945
4294967294,944
4294967294,943
4294967294,942
4294967294,941
4294967294,940
4294967294,939
4294967294,938
4294967294,937
4294967294,936
4294967294,935
4294967294,934
4294967294,933
4294967294,932
4294967294,931
4294967294,930
4294967294,929
4294967294,928
4294967294,927
4294967294,926
4294967294,923
4294967294,920
4294967294,916
4294967294,912
4294967294,911
4294967294,910
4294967294,909
4294967294,907
4294967294,904
4294967294,903
4294967294,902
4294967294,901
4294967294,900
4294967294,899
4294967294,898
4294967294,897
4294967294,896
4294967279,283
4294967279,260
4294967294,956
4294967294,905
4294967294,914
4294967294,915
4294967294,957
4294967294,913
4294967294,921
4294967294,918
4294967294,1425
4294967294,1460
4294967294,1459
4294967294,1458
4294967294,1457
4294967294,1456
4294967294,1455
4294967294,1454
4294967294,1453
4294967294,1452
4294967294,1451
4294967294,1450
4294967294,1449
4294967294,1448
4294967294,1447
4294967294,1446
4294967294,1445
4294967294,1444
4294967294,1443
4294967294,1442
4294967294,1441
4294967294,424
4294967294,423
4294967294,427
4294967294,447
4294967294,446
4294967294,445
4294967294,444
4294967294,443
4294967294,442
4294967294,434
4294967294,433
4294967294,1098
4294967294,455
4294967294,1151
4294967294,1150
4294967294,1149
4294967294,1148
4294967294,1147
4294967294,1146
4294967294,1145
4294967294,1144
4294967294,1143
4294967294,1142
4294967294,1141
4294967294,1140
4294967294,1139
4294967294,1138
4294967294,1137
4294967294,1136
4294967294,1135
4294967294,1134
4294967294,1133
4294967294,1132
4294967294,1131
4294967294,1130
4294967294,1129
4294967294,1128
4294967294,1127
4294967294,1126
4294967294,1125
4294967294,1124
4294967294,1122
4294967294,1121
4294967294,1090
4294967294,831
4294967294,472
4294967294,471
4294967294,457
4294967294,453
4294967294,11
4294967294,10
4294967294,965
4294967294,964
4294967294,963
4294967294,962
4294967294,961
4294967294,63
4294967294,62
4294967294,61
4294967294,60
4294967294,57
4294967294,56
4294967294,55
4294967294,54
4294967294,50
4294967294,35
4294967294,34
4294967294,33
4294967294,32
4294967294,31
4294967294,30
4294967294,23
4294967294,22
4294967294,21
4294967294,9
4294967294,7
4294967294,6
4294967294,3
4294967294,8
4294967294,59
4294967294,58
4294967294,973
4294967294,972
4294967294,970
4294967294,971
4294967294,969
4294967294,968
4294967294,14
4294967294,13
4294967294,12
4294967294,20
4294967294,19
4294967294,18
4294967294,5
4294967294,966
4294967294,960
4294967294,967
4294967294,53
4294967294,52
4294967294,51
4294967294,49
4294967294,48
4294967294,47
4294967294,45
4294967294,44
4294967294,43
4294967294,42
4294967294,41
4294967294,40
4294967294,39
4294967294,38
4294967294,37
4294967294,36
4294967294,29
4294967294,28
4294967294,27
4294967294,26
4294967294,25
4294967294,24
4294967294,17
4294967294,16
4294967294,15
4294967294,46
4294967294,346
4294967294,345
4294967294,344
4294967294,343
4294967294,342
4294967294,340
4294967294,341
4294967294,339
4294967294,338
4294967294,337
4294967294,336
4294967294,335
4294967294,334
